115
13 21 24 28 30 31 33 36 47 58 76 77 82 91 92 95 112
10 15 20 22 26 27 29 30 40 65 80 99 112
6 8 16 20 22 71 78 83 105 109 113 114
20 24 27 46 55 96 102
11 17 19 25 26 41 55 66 72 74 75 77 94 103 112
11 13 29 40 55 96 109
3 28 35 44 53 74 99
22 27 28 30 39 43 65 86 103 107
3 4 18 22 45 50 60 69 70 71 74 114
18 30 43 44 45 47 48 50 54 64 71 76 86 100 108
13 19 27 36 47 55 59 63 77 83 87 100 108 112
17 23 42 55 60 62 63 64 68 71 75 91 109
22 24 26 28 38 57 61 66 72 85 87
6 11 43 48 49 60 64 65 74 91 93 98 99 109
6 16 35 37 42 50 80 84 94 106 111
17 25 29 59 61 63 93 96 109
10 28 40 42 51 62 80 83 85 86 88
4 11 15 29 42 62 71 84 85 96 99 100 102 111 112
2 3 10 67 85
11 22 28 31 40 41 70 71
14 27 30 59 75 80 98
13 23 27 28 33 54 57 61 74 75 84
10 28 30 34 46 50 57 58 65 82
0 6 47 52 54 58 59 94 98 102 104 114
9 12 21 29 44 60 63 79 85 101 109
7 8 22 27 34 35 48 74 110
1 10 27 33 48 86 87 91 112
9 20 21 24 46 58 62 69 78
3 4 9 10 20 36 44 74 79 82 84 90 98 105 113
4 31 47 50 73 75 78 94 106 113
6 21 24 28 32 38 43 52 66 67 68 75 91 100
0 5 9 16 44 53 60 65 66 69 78 87 94 102 106 112
1 7 12 14 22 24 34 38 57 69 82 85 90 103 110 114
10 12 54 78 79 83 89 92 94 103 110
4 7 8 25 36 42 48 58 63 65 69 78 83 99 102
7 13 14 18 19 21 24 43 51 63 85 97 98 109 110
2 6 13 28 34 43 55 60 61 73 75
17 43 46 52
0 2 11 18 19 42 44 46 47 67 71 83 96 98 100 102 103 106
1 16 28 42 59 66 70 76 77 83 92 105
1 2 4 13 18 28 44 55 72 74 75 82 104 110
4 11 17 37 39 44 46 47 54 64 79 92
10 13 14 29 33 39 41 47 53 68 73 74 78 85 86 109 112
1 5 13 14 16 29 31 33 50 51 58 62 65 75 80 88 89
1 22 26 85 87 92 103
6 8 12 25 79 85 94
13 17 25 55 57 74 80 86 99 114
1 2 11 22 70 76 80 84 90 102 105
9 16 18 46 47 51 66 72 74 79 81 84 86 89 98 114
5 20 35 43 44 46 47 53 70 78 79
1 13 24 40 60 74 95 98
0 7 9 18 30 38 39 53 91 108 112
16 21 25 29 33 40 47 49 50 73 93 111
35 56 93 101 108 109
7 9 17 20 26 30 40 49 50 59 66 73 80 95 114
1 14 23 25 31 33 52 54 62 86 87 90 112 113
1 8 10 18 29 30 37 51 57 75 76 81 90 99 104 106
16 21 25 36 58 70 93 100 105
5 29 40 41 42 46 51 52 109
6 15 23 30 35 54 68 90 96 97 111
0 10 12 16 20 32 35 70 72 93 100 101 103
1 17 22 25 28 33 41 43 88 89
0 2 3 26 35 47 61 63 91
7 9 36 49 92 98 106
1 13 31 33 34 35 36 38 48 53 56 60 66 82 87 113
23 24 25 35 41 46 48 53 62 70 81 97 113
1 4 17 30 68 71 92 111
3 10 25 36 43 46 57 60 63 78 91 97 104
10 45 49 72 77 91 94 99
22 29 32 47 51 53 58 80 83 86 89 93
17 26 29 34 36 37 38 43 89 97 101 102 109
25 42 49 62 80 113
2 9 14 77 79 103 108
5 11 12 25 43 44 55 60 71 105 108 114
3 8 10 23 39 45 48 57 73 91
0 6 12 14 35 47 48 55 58 92 100 108
8 16 21 26 32 38 66 67 69 72 73 78 93
3 10 12 17 35 65 112
2 27 47 58 63 70 71 82 86 108
15 19 21 23 29 36 37 40 53 62 67 75 83 93 106 107
19 24 25 55 59 63 64 69 71 88
5 6 10 65 66 67 71 98 102
9 11 14 19 26 35 36 46 47 48 68 76 77 85 87 88 89 97 100 107 112 113
11 31 36 38 41 51 52 63 67 68 72 85 89 96 108 114
4 21 26 33 36 41 45 49 74 78 82 96 101 111
0 31 33 38 52 90 91 111
9 23 24 25 34 45 48 49 52 62 65 79 89
8 11 31 32 40 47 58 59 61 65 67 80 91
26 32 33 73 78 80 92 95 106 109 113
2 18 30 31 41 63 74 75 79 83 107 110 111
5 7 12 16 21 36 42 48 50 56 74 77 78 81 92 114
13 16 46 47 67 71 72 80 85 94 98
8 17 33 43 67 69 84 91 104 110 114
9 40 60 77 88 103 110
2 5 16 18 26 42 43 49 50 54 60 62 76 85 88 96 112 114
0 1 4 10 21 53 60 62 74 75 78 96 104 111
0 18 19 23 33 41 57 60 63 65 68 85
14 17 38 43 44 55 69 70 73 75 78 79 80 89 107 112
1 3 28 35 41 43 45 56 74 85 87 99 105
20 43 44 58 82 89 97 114
4 32 43 45 53 89 90 91 102 108
0 4 30 35 41 61 81 82 105
1 4 15 26 28 45 47 50 57 59 77 79 85 104 106
12 34 44 56 64 74 80 82 84 90 91 94 96 98
2 15 19 28 36 50 60 67 92 105 109
7 13 18 26 55 59 60 74 112 114
6 8 11 39 41 50 52 53 54 63 65 68 70 71 75 95 98 103 108
12 20 58 62 76 80 95 106
4 24 84 85 89 95 97 100 104 109 110
2 9 15 21 26 52 62 68 70 71 106 111
8 40 51 52 54 57 60 65 77 81 99 100 102 109
9 27 45 72 78 84 94 95 109
0 8 17 27 45 49 55 57 84 95 109
1 4 11 17 21 30 39 44 62 84 94
2 28 31 49 61 65 72 91 103
